,10x_gastrocnemius_12_parse_gastrocnemius_8_Topic_1,10x_gastrocnemius_12_parse_gastrocnemius_8_Topic_2,10x_gastrocnemius_12_parse_gastrocnemius_8_Topic_3,10x_gastrocnemius_12_parse_gastrocnemius_8_Topic_4,10x_gastrocnemius_12_parse_gastrocnemius_8_Topic_5,10x_gastrocnemius_12_parse_gastrocnemius_8_Topic_6,10x_gastrocnemius_12_parse_gastrocnemius_8_Topic_7,10x_gastrocnemius_12_parse_gastrocnemius_8_Topic_8,10x_gastrocnemius_12_parse_gastrocnemius_8_Topic_9,10x_gastrocnemius_12_parse_gastrocnemius_8_Topic_10,10x_gastrocnemius_12_parse_gastrocnemius_8_Topic_11,10x_gastrocnemius_12_parse_gastrocnemius_8_Topic_12,10x_gastrocnemius_12_parse_gastrocnemius_8_Topic_13,10x_gastrocnemius_12_parse_gastrocnemius_8_Topic_14,10x_gastrocnemius_12_parse_gastrocnemius_8_Topic_15,10x_gastrocnemius_12_parse_gastrocnemius_8_Topic_16,10x_heart_11_parse_heart_13_Topic_1,10x_heart_11_parse_heart_13_Topic_2,10x_heart_11_parse_heart_13_Topic_3,10x_heart_11_parse_heart_13_Topic_4,10x_heart_11_parse_heart_13_Topic_5,10x_heart_11_parse_heart_13_Topic_6,10x_heart_11_parse_heart_13_Topic_7,10x_heart_11_parse_heart_13_Topic_8,10x_heart_11_parse_heart_13_Topic_9,10x_heart_11_parse_heart_13_Topic_10,10x_heart_11_parse_heart_13_Topic_11,10x_heart_11_parse_heart_13_Topic_12,10x_heart_11_parse_heart_13_Topic_13,10x_heart_11_parse_heart_13_Topic_14,10x_heart_11_parse_heart_13_Topic_15,10x_heart_11_parse_heart_13_Topic_16,10x_heart_11_parse_heart_13_Topic_17,10x_hipp_13_parse_hipp_12_Topic_1,10x_hipp_13_parse_hipp_12_Topic_2,10x_hipp_13_parse_hipp_12_Topic_3,10x_hipp_13_parse_hipp_12_Topic_4,10x_hipp_13_parse_hipp_12_Topic_5,10x_hipp_13_parse_hipp_12_Topic_6,10x_hipp_13_parse_hipp_12_Topic_7,10x_hipp_13_parse_hipp_12_Topic_8,10x_hipp_13_parse_hipp_12_Topic_9,10x_hipp_13_parse_hipp_12_Topic_10,10x_hipp_13_parse_hipp_12_Topic_11,10x_hipp_13_parse_hipp_12_Topic_12,10x_hipp_13_parse_hipp_12_Topic_13,10x_hipp_13_parse_hipp_12_Topic_14,10x_cortex_14_parse_cortex_13_Topic_1,10x_cortex_14_parse_cortex_13_Topic_2,10x_cortex_14_parse_cortex_13_Topic_3,10x_cortex_14_parse_cortex_13_Topic_4,10x_cortex_14_parse_cortex_13_Topic_5,10x_cortex_14_parse_cortex_13_Topic_6,10x_cortex_14_parse_cortex_13_Topic_7,10x_cortex_14_parse_cortex_13_Topic_8,10x_cortex_14_parse_cortex_13_Topic_9,10x_cortex_14_parse_cortex_13_Topic_10,10x_cortex_14_parse_cortex_13_Topic_11,10x_cortex_14_parse_cortex_13_Topic_12,10x_cortex_14_parse_cortex_13_Topic_13,10x_cortex_14_parse_cortex_13_Topic_14,10x_cortex_14_parse_cortex_13_Topic_15,10x_cortex_14_parse_cortex_13_Topic_16,10x_adrenal_15_parse_adrenal_13_Topic_1,10x_adrenal_15_parse_adrenal_13_Topic_2,10x_adrenal_15_parse_adrenal_13_Topic_3,10x_adrenal_15_parse_adrenal_13_Topic_4,10x_adrenal_15_parse_adrenal_13_Topic_5,10x_adrenal_15_parse_adrenal_13_Topic_6,10x_adrenal_15_parse_adrenal_13_Topic_7,10x_adrenal_15_parse_adrenal_13_Topic_8,10x_adrenal_15_parse_adrenal_13_Topic_9,10x_adrenal_15_parse_adrenal_13_Topic_10,10x_adrenal_15_parse_adrenal_13_Topic_11,10x_adrenal_15_parse_adrenal_13_Topic_12,10x_adrenal_15_parse_adrenal_13_Topic_13,10x_adrenal_15_parse_adrenal_13_Topic_14,10x_adrenal_15_parse_adrenal_13_Topic_15,10x_adrenal_15_parse_adrenal_13_Topic_16,10x_adrenal_15_parse_adrenal_13_Topic_17,10x_adrenal_15_parse_adrenal_13_Topic_18,10x_adrenal_15_parse_adrenal_13_Topic_19
10x_gastrocnemius_12_parse_gastrocnemius_8_Topic_1,1.0,0.6192011102933254,0.498444504561087,0.5408513038354951,0.7635631296272511,0.7150026643456023,0.5709683657384081,0.5271709337828594,0.5307281093410243,0.521006943159948,0.43158811364237304,0.5253355325115401,0.6691990019523311,0.8047981981088833,0.5289115475125002,0.44063299431654446,0.5352381415308212,0.7087873718497574,0.5046539981869195,0.6655652044258686,0.7317372395030775,0.3414067045364013,0.5578504840683979,0.5166635102798988,0.5080052990855929,0.484795178137712,0.5394431832313716,0.601055860544155,0.5334054894458621,0.5271618271790235,0.49406754862227975,0.5298301631825507,0.5396779668326545,0.4617464854018558,0.45353177922676813,0.6131999511110182,0.4929571695904227,0.6093352329019844,0.43895934860753516,0.6402321506285575,0.42941458764280194,0.398359028707182,0.439130737577484,0.5627931065352805,0.4668727224181497,0.41112292270175343,0.19299066684535882,0.55736444806272,0.4459428886006318,0.44466228122771645,0.46601393388216383,0.5664690754280289,0.6534520268748107,0.46638299447547416,0.44783929759713237,0.3961521314663182,0.39784982580643447,0.6548018376610486,0.41938952403170127,0.46761672174146585,0.4494836887693072,0.39134570812683234,0.4495291520232888,0.6494535372049343,0.5134569659381196,0.5838051480757568,0.525420655162833,0.2886329561895855,0.5635934602392253,0.5374310652321379,0.5039134021723745,0.5071054081150699,0.48879231125781786,0.7181969998399282,0.5139933467134324,0.34163516208550215,0.5246427178404552,0.5498862877306545,0.6149036272188005,0.5771040878118618,0.5413717430789491,0.5052629526168211
10x_gastrocnemius_12_parse_gastrocnemius_8_Topic_2,0.6192011102933254,1.0,0.3128503577141375,0.6144794752384234,0.769638531906376,0.806930124103972,0.5521255790179764,0.559342747494377,0.5949471841601485,0.5727974571043741,0.46212442127991715,0.5929008191073624,0.5674439640016811,0.7655058060328158,0.6282556012912864,0.2507614885597593,0.6223500445074628,0.6525959491528289,0.567182335958464,0.49618564367853457,0.5452154510343796,0.2704337326465047,0.5424201874160965,0.5865527887133193,0.5546710860255463,0.2808428162948655,0.7200892860867044,0.6121742918690561,0.7113171593576796,0.5107193570538703,0.29302430459483975,0.538564106677762,0.41811312390017163,0.6011917475540282,0.5543943443944243,0.5505585678659423,0.526494032064564,0.46936283864226724,0.5106080936070478,0.48873988984644046,0.5338274416470504,0.46561971030613347,0.5579278256544287,0.5588044446162078,0.5390822226616839,0.5273946285229092,0.20057058983044052,0.5122392173658392,0.4576334706599936,0.5800324560966115,0.5709965613803673,0.5604705256791329,0.41478080910836057,0.5175823620523554,0.5221464991869967,0.5254625346916817,0.5034623543962249,0.5191009450755155,0.4904830299455649,0.5627672844049277,0.49765441820856715,0.49711461489282505,0.45739353919079084,0.4644590339621302,0.5107647183042913,0.5986074926005748,0.5627701871425883,0.25476677409098514,0.6227519265960894,0.5511411031761275,0.5443359035121612,0.5703585624592401,0.5219274133092516,0.47997233849328413,0.6095538135797517,0.270297159138273,0.5304931431747181,0.5895909199852942,0.5554146043796079,0.6216736276515844,0.5490131713131423,0.5518564738841966
10x_gastrocnemius_12_parse_gastrocnemius_8_Topic_3,0.498444504561087,0.3128503577141375,1.0,0.23607775630417904,0.35692848761391405,0.34500208558092627,0.2131090380009112,0.2609564173906159,0.2941803596357966,0.21482841478334858,0.37029645937530886,0.19716357634706438,0.250273460619549,0.37685977160079087,0.26167834243840593,0.9038625115541591,0.21230836249038054,0.2528477234671449,0.19396024977574822,0.2146438955699369,0.256663666805097,0.17031573401330724,0.20345634779303512,0.19161912909221557,0.19222583298573914,0.6586514729518199,0.17977627471343294,0.21765869039884833,0.1835858277064809,0.1968613110052403,0.6110675046405113,0.22748735730967873,0.22173429162473401,0.15904402830876363,0.17872071623863273,0.2341476586247666,0.18337393407473912,0.2483094801220862,0.18001036137396098,0.25995011062621975,0.17878435485410227,0.15702833502716496,0.144954288489344,0.2763823477368199,0.17980625943061357,0.16624297435494584,0.06103509299526777,0.22594441589809322,0.18022034687419264,0.14403789164869685,0.18973438582972457,0.27227745308385143,0.2926501064295013,0.1699891540773777,0.15698611331618073,0.12417779877935331,0.17127540017787057,0.2548627477773413,0.17556942415339383,0.1771955989058629,0.16406467566193894,0.16492712771367224,0.1999543118385334,0.2387901011682516,0.19911580733051615,0.23069239379476003,0.21168013885773085,0.13553662233009844,0.20931045205370813,0.20666684171597016,0.2142812180859336,0.21337716608415014,0.20144628225625116,0.2919665690882136,0.21646127169462703,0.35092310023632345,0.20423673217826788,0.30084377811091834,0.2954877373798508,0.4689026599261281,0.2059817131331374,0.2172645069655983
10x_gastrocnemius_12_parse_gastrocnemius_8_Topic_4,0.5408513038354951,0.6144794752384234,0.23607775630417904,1.0,0.6202625180488678,0.5298326145264664,0.7332662977646486,0.7415776930549824,0.908529676886787,0.6471020195211097,0.5764295826348143,0.8353196590073372,0.7315728868968164,0.5948997761703076,0.7544109111141276,0.2002270565470008,0.9288229490728536,0.5956710103661647,0.6367271311272087,0.5893360147305068,0.5982920680787488,0.399797069971495,0.7378677859787502,0.82837539668568,0.7403476706960741,0.2901971054723179,0.5503570463049171,0.7976129424209669,0.5441483096118903,0.7066471056069028,0.33000401587297756,0.5618095161369749,0.5672917346390037,0.6872954262005267,0.6322253980802748,0.6738686289926283,0.6089096498082723,0.562266365148882,0.5830234588522136,0.5995632062924512,0.6233510438802633,0.5786300627526101,0.6385732729023459,0.7287900982250168,0.5797717266126943,0.6208040302421266,0.3379593028178476,0.5905711904946916,0.5998242793498293,0.6730346124874624,0.6096402129618186,0.747241287061084,0.48149432488509913,0.5905046835276319,0.5779914606256318,0.6094615105180505,0.5505227168850766,0.6180015913136698,0.5213172885267766,0.7399696833922,0.6617540065008615,0.5356976760205931,0.5695356820289669,0.5741691619921352,0.7061419788491182,0.649117728011734,0.8592598022935699,0.3527426024664696,0.6838019509792288,0.6935609850498023,0.6850075536891124,0.7129568394223751,0.5852426547161723,0.5595586196985822,0.6940667423858474,0.31445119857423587,0.600803004198269,0.841998693526394,0.7212948680145097,0.6226010352591569,0.6828869651514836,0.6847708840509911
10x_gastrocnemius_12_parse_gastrocnemius_8_Topic_5,0.7635631296272511,0.769638531906376,0.35692848761391405,0.6202625180488678,1.0,0.6987692608424783,0.5840191500473868,0.626543546797994,0.564355954805509,0.6333190739242599,0.39578680257362453,0.600329189293397,0.8142393172083807,0.9656201537837565,0.6557047819116384,0.25727310206447696,0.6077169418068464,0.8227556655713979,0.626635137926195,0.844226485935354,0.7395169506808481,0.393718568679426,0.5703200770515239,0.6020323810135175,0.5351259320944715,0.37917870776960183,0.5871929107669205,0.6828029255564533,0.571038586533701,0.510560216576969,0.44174216911275144,0.5444735810865842,0.6640522553172209,0.53361166185319,0.525721940830505,0.7114670693156452,0.5951845690282614,0.7445260394351338,0.482509403888985,0.777904766761783,0.4934315064937759,0.46698003148688705,0.5298436880423292,0.5930538226311415,0.5952446909434691,0.46668798212038987,0.17314889533322053,0.6851230276783759,0.48835957604137614,0.5144641225103191,0.5414060658106311,0.5971677489153067,0.6495980496965478,0.5730379867408985,0.570938855197012,0.4789399621109156,0.46013029325072374,0.8012327696998015,0.5080370207729883,0.5325186687480653,0.5036433267113197,0.4562104058034475,0.5195728568429834,0.7974864402110503,0.5475337992235665,0.5920698311237417,0.5548927553342279,0.35539726400257377,0.6940845982537098,0.6232666817651069,0.5873365522171804,0.5744149770885474,0.5809292792911134,0.7288409625757691,0.6164445581935749,0.39756101908351127,0.6415927076269655,0.5647842849590426,0.6076566771499312,0.553036000855912,0.6604715031276875,0.5854603629872553
10x_gastrocnemius_12_parse_gastrocnemius_8_Topic_6,0.7150026643456023,0.806930124103972,0.34500208558092627,0.5298326145264664,0.6987692608424783,1.0,0.4783351382411979,0.5057272395078868,0.5428540623266841,0.48092978755597326,0.5567894275368488,0.522120424898006,0.49472185432388205,0.775341189291869,0.5868288051355003,0.3141260932854517,0.5282567082695012,0.6840578750148758,0.47526693594590097,0.4446231255597517,0.4976315549022704,0.24532278698448506,0.4760251734164279,0.5120227133049983,0.47148334157070626,0.33352895394716153,0.7496994641792418,0.5293924019778382,0.7426923479000099,0.4477418427456009,0.32539638007318716,0.5925239576465885,0.37241991357291204,0.5000423992458494,0.505975010296087,0.47142299204348903,0.4413407975193835,0.4568278794432019,0.503225244397696,0.45973652952401933,0.5087208504422833,0.41444365933263017,0.46348174382237817,0.4832892221975231,0.45326468757964866,0.5022196050703508,0.20198105678715494,0.5005010858913378,0.4711433360774281,0.49297184692905205,0.5486491039218855,0.48756479673629904,0.38811798726044966,0.42961224268756526,0.4304719768142312,0.42971070765230646,0.4905811896279524,0.4610747268179881,0.47428479933478473,0.49028665324895215,0.4550006636416455,0.48511777736392414,0.4453231088735038,0.43004825873311736,0.4565473761181067,0.5982886840583855,0.49352572254825056,0.21768859059563672,0.5278585891198596,0.5335744299387167,0.5170648990316853,0.5440694280332354,0.44535347338792164,0.43645829759117416,0.5391514330617863,0.2520924265964831,0.4540038332227292,0.5268777922509775,0.4858853167710616,0.589256542382976,0.506982094421144,0.5159665699428092
10x_gastrocnemius_12_parse_gastrocnemius_8_Topic_7,0.5709683657384081,0.5521255790179764,0.2131090380009112,0.7332662977646486,0.5840191500473868,0.4783351382411979,1.0,0.6309422485856306,0.6925613893907252,0.6593783842604126,0.3678944423483965,0.7599291911225518,0.6917130137203562,0.5781538564074037,0.6164980441871866,0.13489580997342987,0.7233380065052848,0.5796766634691948,0.6544914867361776,0.6037347720059862,0.5633731933158045,0.4061382734046586,0.97271742945644,0.7454723225739883,0.7574364846665432,0.32334143677327154,0.5140671934996132,0.8082919735490248,0.5052613733823944,0.9570674016600569,0.3750833608294215,0.5415853385343653,0.6234909414282558,0.5569036317391469,0.5925682413637295,0.6375901149666601,0.6021597708233174,0.5293100747576938,0.4892119130854259,0.5664493652521436,0.5324842225918169,0.5356232673112383,0.5484910818016093,0.8745930359661942,0.5866556692711671,0.5286292532245832,0.25382113769447967,0.5443809801256398,0.5149576024214603,0.5449824429520131,0.5131113180863022,0.8928151744471006,0.45964757601766415,0.578874390074031,0.570207545846999,0.5124675357666343,0.4881486735613143,0.600723119768678,0.4651390175437421,0.5905843527601666,0.587001667230577,0.4703666478724353,0.5084256738809515,0.533626342549022,0.7966182586834663,0.5858586228652765,0.734881404570804,0.35918511748908544,0.6000471477201128,0.60437713274658,0.5934848504467609,0.588294595667189,0.6109943646664788,0.5092339543915164,0.5807131869273365,0.3260736030143333,0.6288684840211144,0.6866456499320072,0.9226535423640742,0.5127266904645528,0.6061023939585543,0.6089099100268489
10x_gastrocnemius_12_parse_gastrocnemius_8_Topic_8,0.5271709337828594,0.559342747494377,0.2609564173906159,0.7415776930549824,0.626543546797994,0.5057272395078868,0.6309422485856306,1.0,0.7330829999446263,0.6160890655524452,0.5473399250831988,0.6583349149004513,0.7288416581998408,0.6063450097812678,0.9173522459473247,0.206082615006979,0.7403879483673161,0.6047505713923638,0.6178688409505942,0.6214876662035788,0.5782472425197913,0.7169286241541437,0.6398909348923563,0.6752272578052658,0.6270073709441002,0.3441128393010129,0.5078352055764375,0.7132723896363696,0.497781204649412,0.5933622688006368,0.40316875740846236,0.5471751376934872,0.7786524014749997,0.6058963798192095,0.6087255219583614,0.7854927650604452,0.636275882192361,0.6009872786206104,0.5632430625536179,0.6508206928188273,0.584321028321174,0.6211969410637321,0.5995092803210156,0.6551276673919636,0.5753267309216922,0.5728095965039386,0.20326706215167423,0.6029409689336263,0.5555690631484549,0.5865695082759462,0.6102865235200722,0.6726893720066056,0.5409030847274403,0.622595531832243,0.5669965960924761,0.5662706192034397,0.5084859432637191,0.6687142313492532,0.5224623655656806,0.633565860993912,0.6798349417971443,0.5006575083636255,0.578287683428295,0.6196177865856142,0.5788700032681439,0.5500884215275356,0.6486023174186377,0.6780426530619479,0.6366970673326421,0.6813628637340291,0.6580792594099379,0.6675897834675959,0.5601300062780695,0.5909808753552533,0.645190986030485,0.4250961630383361,0.593014316763612,0.7005757151782155,0.6450145322135915,0.5628921534659829,0.6688445606889534,0.6658788035301654
10x_gastrocnemius_12_parse_gastrocnemius_8_Topic_9,0.5307281093410243,0.5949471841601485,0.2941803596357966,0.908529676886787,0.564355954805509,0.5428540623266841,0.6925613893907252,0.7330829999446263,1.0,0.5583017166004511,0.7661586071730929,0.7527875978585965,0.6489686537182354,0.5350108040868803,0.7579617084122695,0.3030618193898553,0.8550120503036078,0.5366869377140171,0.561726782109991,0.4782229515761658,0.5449320907560355,0.3837643572012558,0.712317119381115,0.7598876897162871,0.7339408826812713,0.28466559532001556,0.5334020921601893,0.7545866509782908,0.5354826793571064,0.7001233691721991,0.3077607168150511,0.5688508253275274,0.4987723726773501,0.6762395878558964,0.6241441288492724,0.6296115540676392,0.5488279794875047,0.5088527793995387,0.6299024460650683,0.5341564332963874,0.6332506411676034,0.5693416645892391,0.6264386103322165,0.7041733957309704,0.5378259700618577,0.6429981399300384,0.3580858821523236,0.5644883356809661,0.6055665270312683,0.659627963381134,0.6532805488789316,0.7269427322191906,0.4605533057947835,0.5270385316497217,0.5363776918859524,0.60650275516979,0.5739795491594257,0.5385731089527718,0.544247566415895,0.7553797122677625,0.6717322948179273,0.571127618827459,0.5941258018343711,0.49419721967680585,0.6712844804187712,0.6109245680226837,0.8457301177899202,0.3296697065097556,0.6227800102690384,0.6872691180085092,0.7071765828823757,0.7213181888653667,0.5155002790899518,0.5246146230220149,0.6666920077768741,0.2934086731029383,0.5183415980497927,0.843220077869012,0.7015490955670596,0.6452541074272962,0.6575149982338939,0.7033846662103034
10x_gastrocnemius_12_parse_gastrocnemius_8_Topic_10,0.521006943159948,0.5727974571043741,0.21482841478334858,0.6471020195211097,0.6333190739242599,0.48092978755597326,0.6593783842604126,0.6160890655524452,0.5583017166004511,1.0,0.29118351129129383,0.6604962743389924,0.7157745435012377,0.6174054522652258,0.6085702631077201,0.14104336707588727,0.6323435480562165,0.5821590867709987,0.9772883861130421,0.647111634552683,0.5564425810223705,0.3989256209442913,0.6545790219515737,0.6626011395188811,0.5824113152518592,0.27806220085740707,0.4753011353735006,0.6800733869333159,0.46022197206812776,0.6075628820266588,0.3287761910009165,0.4719531885648952,0.606006770014258,0.5077376743112044,0.5483680918854633,0.6645891798764784,0.6774349787863291,0.581192096819068,0.4855732240512569,0.6335065920717085,0.5445839377113385,0.48521826232125775,0.5132573701782409,0.6979471635808663,0.802602182284833,0.5208928268554139,0.1657815371285043,0.58914096021733,0.48576347179800705,0.49232419028154994,0.5321864831471802,0.6892435097893628,0.49826987558073643,0.6493378864693347,0.798324681688363,0.4710775451868472,0.5020942698031959,0.666055894843253,0.48604300500705433,0.5267838771906821,0.5038182776129697,0.48435440492072024,0.5093227823104903,0.5936391564263961,0.6147747791793124,0.5150185083984465,0.5991923947305532,0.3463790622622448,0.6404661349017209,0.5880414347253891,0.567835369088844,0.5793684934327876,0.9048851676695621,0.5441941729948191,0.6089564096498927,0.34092829052863016,0.9087666234163452,0.5506289652226704,0.6502449997571689,0.4853370531815233,0.6081368297016304,0.5767911433625196
10x_gastrocnemius_12_parse_gastrocnemius_8_Topic_11,0.43158811364237304,0.46212442127991715,0.37029645937530886,0.5764295826348143,0.39578680257362453,0.5567894275368488,0.3678944423483965,0.5473399250831988,0.7661586071730929,0.29118351129129383,1.0,0.45673966645491126,0.3281430027847074,0.37482610253538196,0.6229389803952875,0.48607874356307756,0.5413393123274922,0.3405941497442013,0.29683371607120645,0.22065233114819316,0.3260421722647777,0.2125306172538285,0.39583820623537447,0.4689111886527506,0.4236261510687698,0.2128605314539419,0.39598488894665973,0.42398011502293587,0.404897295769752,0.3975102272474631,0.20547131716500022,0.4308995143035713,0.24685505633356186,0.4063916026745751,0.4479320728351137,0.3536795350426055,0.28920281060054776,0.3380941969645075,0.5501551115249194,0.3267514193933405,0.5265613499046913,0.3606689003604324,0.3810861757590951,0.3951441375549427,0.30712344294536353,0.5413811673633337,0.24443831280944317,0.41957106707450476,0.47711257964570863,0.3970692030617624,0.5721517263728326,0.42455306395526216,0.31813115568666916,0.2761759429742656,0.29720409515226565,0.3804238256914043,0.49216257495311777,0.2886303376087316,0.46370019871539303,0.4906443236744811,0.45858955293198456,0.5009257132005701,0.4817029556922281,0.27377684327993235,0.3712708590231638,0.3894363033358105,0.539049160380315,0.16284831800723998,0.3681648004950332,0.5034052420623175,0.5583742641997468,0.5513152228754671,0.27537854537833206,0.33723780050720253,0.45288257520342656,0.18757330526756255,0.2651922478424048,0.5948911603841605,0.4020130468267693,0.5424446034339802,0.46460302079489046,0.5399944046978086
10x_gastrocnemius_12_parse_gastrocnemius_8_Topic_12,0.5253355325115401,0.5929008191073624,0.19716357634706438,0.8353196590073372,0.600329189293397,0.522120424898006,0.7599291911225518,0.6583349149004513,0.7527875978585965,0.6604962743389924,0.45673966645491126,1.0,0.6983043375495347,0.5934256015518508,0.6689387036252317,0.1332428817058382,0.8436131614143589,0.5943919292789567,0.6458601533006906,0.5919476763897191,0.5843952536521286,0.40118455779803,0.7605386714092698,0.9476137221445221,0.7144263012879899,0.30005178659313836,0.5496036986746221,0.776231235658178,0.5418604729888886,0.7258844757645614,0.34754836746560547,0.6306725997792587,0.5920870803946126,0.5983537470207165,0.5866094945676936,0.6364123389408908,0.5945207364746966,0.5298567703430733,0.5067303274757425,0.5690479528520147,0.5696293961586983,0.5153629770643566,0.5990766032131747,0.7782682597043605,0.6029037861053311,0.5574547298074237,0.2800508715147362,0.558701291543719,0.5280578118426004,0.5838578424167433,0.5534072245907177,0.7863668372216057,0.4653392479295875,0.5780573614246256,0.590055189016191,0.5628826637768588,0.5177217932785014,0.5983071804823418,0.4955720428020367,0.6553293340481403,0.5973526807937898,0.502723249205705,0.5275300014912343,0.5645091125269074,0.7222673655080736,0.6527743646043888,0.8336634605492144,0.34751962718692775,0.6465824597685638,0.6819637656074982,0.6304677209401943,0.6886774132313243,0.6136164830804123,0.5379012081004596,0.6706085938466223,0.3411966753730693,0.6283423010448038,0.7355896468741984,0.7432616254705796,0.5553490919005672,0.6434568085416412,0.6341313202121712
10x_gastrocnemius_12_parse_gastrocnemius_8_Topic_13,0.6691990019523311,0.5674439640016811,0.250273460619549,0.7315728868968164,0.8142393172083807,0.49472185432388205,0.6917130137203562,0.7288416581998408,0.6489686537182354,0.7157745435012377,0.3281430027847074,0.6983043375495347,1.0,0.7794244730102713,0.6947150345854254,0.15333692041189928,0.7165422014920665,0.7552172301886668,0.703345603929847,0.9129309643373877,0.7539729001376264,0.5077772855609797,0.6779175214614253,0.6949688040920504,0.640259574529644,0.38228999710299494,0.5021879977647695,0.8015960904385011,0.48612089982700346,0.612230748778231,0.4743088974382105,0.5357239442193056,0.8024884755457279,0.5978220133261881,0.6022538904793666,0.8236361110672141,0.6974933664447898,0.8048062035793221,0.5247629490982633,0.8590129597875295,0.546466494812835,0.5563734272885101,0.5875976519872466,0.7095906301653521,0.6522804134824792,0.5208364940910323,0.20657967596106508,0.7336618772668468,0.5575080452567994,0.5824763571667714,0.5630099798468833,0.7176126705607905,0.6984343692140235,0.6707715306558064,0.6366728038629917,0.5357559050233509,0.49700540889584377,0.8887287198432009,0.5373405902778303,0.6290355554514173,0.6093098196929476,0.48611061598553484,0.5872787884058558,0.8677957637774077,0.6395818225767896,0.5713066333092742,0.6582378537088517,0.4560029994412764,0.7283693827917406,0.7049564786686036,0.6482835290380078,0.6420966969152827,0.6505001954415108,0.773245912227553,0.6596265546471888,0.46070384600924763,0.7142528729393129,0.6784281018948417,0.7117143885506204,0.5324758330779158,0.7333884503903627,0.6512085703664526
10x_gastrocnemius_12_parse_gastrocnemius_8_Topic_14,0.8047981981088833,0.7655058060328158,0.37685977160079087,0.5948997761703076,0.9656201537837565,0.775341189291869,0.5781538564074037,0.6063450097812678,0.5350108040868803,0.6174054522652258,0.37482610253538196,0.5934256015518508,0.7794244730102713,1.0,0.6414941110518622,0.25468987442423585,0.5863297815824351,0.8374074661305645,0.6098500943279561,0.8079761222382797,0.7665735474223707,0.38251504739775555,0.5631253304116485,0.5900140718992543,0.5282727841587289,0.42251199620591906,0.630645517202982,0.6606798576307932,0.6136679178528445,0.5063664866577645,0.4754929213106094,0.574447635198262,0.638678284386001,0.5244984429328104,0.5194660743152494,0.688520603201062,0.5829193678017669,0.7149567672643347,0.47321111636141566,0.7443773316127079,0.4865825527389538,0.4636932888169847,0.5134437874195692,0.5905056488815744,0.5805859345890854,0.4601284364882443,0.1717025060250249,0.6617558774500583,0.4886116175463784,0.5057039514520444,0.526732798762557,0.590649303582006,0.6603551170246627,0.5637862506823925,0.5521047256259145,0.46251275446040596,0.45641939769640016,0.7698974029963919,0.4962556935059852,0.5180504760225015,0.49538346463959315,0.4497573926240631,0.5053673321091249,0.7588021861632095,0.5399052666367523,0.6115043624457389,0.5391418074066749,0.34254278984127473,0.6725574486789195,0.6046462229231865,0.5640071149353376,0.5592534882920385,0.5698357258016484,0.7391918171052534,0.5956112454667836,0.40830009280946045,0.6277324993461924,0.5479067522495142,0.6044343673713835,0.5458908376121979,0.6409944910232992,0.5639894612710662
10x_gastrocnemius_12_parse_gastrocnemius_8_Topic_15,0.5289115475125002,0.6282556012912864,0.26167834243840593,0.7544109111141276,0.6557047819116384,0.5868288051355003,0.6164980441871866,0.9173522459473247,0.7579617084122695,0.6085702631077201,0.6229389803952875,0.6689387036252317,0.6947150345854254,0.6414941110518622,1.0,0.22249786163939944,0.7585102955626317,0.6256863541870774,0.6145849913428292,0.5845478260346328,0.564212664791097,0.4599948429070926,0.6301005296233622,0.6849230252034,0.6393553370213799,0.3210553323115304,0.5756288751963453,0.7083203436860285,0.5653630218640495,0.5877612470138935,0.3655104080812779,0.5720938091016059,0.6111266850932748,0.6343019896150649,0.6343517240192295,0.7063869873397121,0.6373722825835829,0.5818475628790079,0.5805259871329705,0.6219415368173262,0.6270568192541764,0.6320917555666106,0.614553205759747,0.6396309628761983,0.5816815937562857,0.6205553336245102,0.1991731771574744,0.5987808449564314,0.5609444960904709,0.6170433063886791,0.6387528889765839,0.6594109153442388,0.497845990495965,0.6288854137679463,0.5746218792453446,0.5913965440379776,0.5376252395999844,0.6369924991048574,0.5414508517732138,0.6639322783856281,0.6640671533276091,0.5298517625122362,0.5730775496360826,0.5862432183433234,0.5703404768436899,0.5919529571099368,0.6639450298409209,0.41545742891336546,0.6524344486086493,0.6825191786646562,0.6802749096512827,0.6935414070429554,0.5510628614548346,0.5690817173087777,0.6749007539487373,0.4299831223243611,0.5741401787979845,0.7200494590005786,0.6302454318302602,0.6024892783278076,0.6721115965424548,0.6916315392151385
10x_gastrocnemius_12_parse_gastrocnemius_8_Topic_16,0.44063299431654446,0.2507614885597593,0.9038625115541591,0.2002270565470008,0.25727310206447696,0.3141260932854517,0.13489580997342987,0.206082615006979,0.3030618193898553,0.14104336707588727,0.48607874356307756,0.1332428817058382,0.15333692041189928,0.25468987442423585,0.22249786163939944,1.0,0.16851708286192058,0.16759894488255767,0.12337304029529039,0.10908417946613902,0.16769189005368035,0.12391833114984285,0.12903267563374388,0.13024191938181906,0.14765369499269854,0.42066046843249083,0.13235143440926667,0.15038597933382025,0.1406197874131202,0.1338341920602062,0.34066841359902145,0.18373439934184543,0.12497725538969173,0.1179188596305345,0.1593134261507685,0.14308750005512727,0.11623444765504842,0.17894957965263092,0.21118761562989152,0.17301297017021544,0.19333402389784238,0.10642574320970888,0.10670238459631443,0.16520212990360061,0.11659458289900004,0.18811318846749958,0.07504925326275769,0.19338950936066357,0.1825617600690359,0.1066749278589042,0.2099445011019716,0.1673303394540897,0.17789896554111229,0.09684389213441436,0.10319176157147247,0.09439427565194636,0.1941685725314345,0.14542570661961962,0.18336489734639816,0.14928616936978756,0.139124969160497,0.19493436158378874,0.2017815478363607,0.14829160771613947,0.136560320580699,0.1764345851971647,0.1806560168097442,0.08342012172760838,0.15058190766569401,0.18854310202800706,0.2166131020202795,0.21830396956822684,0.14189647465006416,0.20902296930745912,0.18734984179214775,0.1285889404479601,0.12990268282402595,0.278962352777293,0.19790428262743875,0.4935178267905511,0.1778763383754285,0.20659618580601835
10x_heart_11_parse_heart_13_Topic_1,0.5352381415308212,0.6223500445074628,0.21230836249038054,0.9288229490728536,0.6077169418068464,0.5282567082695012,0.7233380065052848,0.7403879483673161,0.8550120503036078,0.6323435480562165,0.5413393123274922,0.8436131614143589,0.7165422014920665,0.5863297815824351,0.7585102955626317,0.16851708286192058,1.0,0.6141420282198295,0.6279935362863487,0.5794477276849607,0.6133353701161827,0.4011399512543692,0.7355459480896384,0.8763558247959223,0.7664426011138662,0.2889264939517414,0.5905270400151578,0.8157563190577534,0.585295458848914,0.7048686293648063,0.3283734420464015,0.6049691450184961,0.5599863104402155,0.7385093950000082,0.6664668689194455,0.6901556128655727,0.6193457323170194,0.5499890006505359,0.5728164975158442,0.5895699682718135,0.6376746301554255,0.6217226868472863,0.688375801345377,0.7421998022483622,0.5748823512065219,0.6446027403305192,0.29964459848902414,0.5825183192962877,0.6029703681227694,0.7247645596653887,0.618282938207646,0.7615579014543524,0.4819885899819707,0.6049461127870419,0.5720711880489636,0.6672768168381844,0.5622811208200184,0.6122587435166095,0.53617462815833,0.7496732229626357,0.6915293774898296,0.5470681897216728,0.5752738412983498,0.5699184245640361,0.6852179809995526,0.6554639695136171,0.8556102910420479,0.35216271817284106,0.7050468543703072,0.725352568304733,0.6639449441737262,0.7447786834469313,0.5742554921956374,0.5643846172211415,0.7228864725570809,0.33386923126390133,0.5875083036599783,0.8588983623052132,0.7249478375944259,0.6174415776460441,0.660602240414405,0.6732293666848428
10x_heart_11_parse_heart_13_Topic_2,0.7087873718497574,0.6525959491528289,0.2528477234671449,0.5956710103661647,0.8227556655713979,0.6840578750148758,0.5796766634691948,0.6047505713923638,0.5366869377140171,0.5821590867709987,0.3405941497442013,0.5943919292789567,0.7552172301886668,0.8374074661305645,0.6256863541870774,0.16759894488255767,0.6141420282198295,1.0,0.571345522490873,0.7779682534633223,0.7380041807063841,0.4066999288312718,0.5699169412459493,0.6095568295868449,0.5819222454563379,0.4367921891961395,0.813516332746039,0.6979174703237225,0.8002837461730257,0.5180051182954615,0.4707237654186682,0.7825970631757003,0.6278896356071764,0.5420437654642867,0.5403514775199316,0.6768600655106027,0.5809043966336841,0.6891705321324744,0.49036394788817406,0.7129503709750132,0.4954412079964755,0.5206727632828564,0.5221488491598698,0.5754219672477463,0.5620286624056794,0.4746373444035251,0.18741805559682856,0.6436740695511033,0.5100266092968896,0.539926381708208,0.5361284191490309,0.5830100640543484,0.5752203285107351,0.5593074524848913,0.5465404152795621,0.4795980465375469,0.4505046749176953,0.7246260400287772,0.47557899134507664,0.5348251165022668,0.5394589494736971,0.4418063116731188,0.5205040403853749,0.7298521868450953,0.5588672027610037,0.6302117932067842,0.5957199337866415,0.3460401137053637,0.6723429761540252,0.6466230116203414,0.5603690904726262,0.5942998672265752,0.536872287786153,0.6641936715166697,0.6125028476526223,0.36468083026751164,0.5851042383439048,0.5998027103614096,0.6035587971753177,0.5522505684326467,0.6218426063092006,0.5575067059855053
10x_heart_11_parse_heart_13_Topic_3,0.5046539981869195,0.567182335958464,0.19396024977574822,0.6367271311272087,0.626635137926195,0.47526693594590097,0.6544914867361776,0.6178688409505942,0.561726782109991,0.9772883861130421,0.29683371607120645,0.6458601533006906,0.703345603929847,0.6098500943279561,0.6145849913428292,0.12337304029529039,0.6279935362863487,0.571345522490873,1.0,0.6352588587079985,0.5407742141794482,0.4026186346978665,0.6593651171206297,0.6597823386441963,0.5878039581810891,0.25857451872456183,0.47003002695852714,0.6807250254686449,0.4547184829174111,0.6135824221031274,0.31121675051350983,0.4735146495905581,0.6057184990291014,0.510038072812179,0.550936779723527,0.6696946866493757,0.679555034415072,0.5700145183724646,0.49061407179658656,0.626419751837927,0.545909887784358,0.4919079383429178,0.5203281796118997,0.7101045425938473,0.8316717583402967,0.5237716933601887,0.1687864515631191,0.5891884085596325,0.4898823737853455,0.49616954686086145,0.5361392311030022,0.6990300744263166,0.4956997994049297,0.6503962494407974,0.8271980208456233,0.48043936806669996,0.509450707167072,0.6620412602901355,0.4981670619963492,0.5360815655337049,0.5120618103432972,0.4940860251363015,0.5158266560176992,0.5835078060728041,0.6221098181363446,0.5093848205915134,0.5954154970682418,0.3495939561336968,0.6331972238438421,0.593513920226443,0.5733798633816242,0.5838431864557134,0.9401377675749433,0.534539591146772,0.6071352839043577,0.35411391845073903,0.9386191177401645,0.545911607921935,0.6534358645813285,0.47327677107599153,0.6113002411479874,0.5806591303964131
10x_heart_11_parse_heart_13_Topic_4,0.6655652044258686,0.49618564367853457,0.2146438955699369,0.5893360147305068,0.844226485935354,0.4446231255597517,0.6037347720059862,0.6214876662035788,0.4782229515761658,0.647111634552683,0.22065233114819316,0.5919476763897191,0.9129309643373877,0.8079761222382797,0.5845478260346328,0.10908417946613902,0.5794477276849607,0.7779682534633223,0.6352588587079985,1.0,0.7753520756821501,0.467870024886033,0.5853639283761191,0.5949270597830625,0.5282846264487273,0.3597686575839443,0.4268832145732252,0.7133349979378819,0.40613448482496417,0.512006364407675,0.46724666422904493,0.4671272782450251,0.7955614719925387,0.4528730596625371,0.4718012571467127,0.7658113168770088,0.6074984732372,0.8157329986518507,0.4134182469190286,0.870136094527717,0.43224152984965525,0.4506393953647815,0.47066935507356844,0.608943901367971,0.5920837033760267,0.3940825304169484,0.1462101309667515,0.703458313801633,0.4703790134127983,0.43737897619632204,0.4538417514847811,0.6125715467592019,0.712808324612943,0.5820721263341339,0.5712751767843349,0.4135587800958007,0.39299569325433636,0.9003756727249362,0.4551216738267898,0.47471519285451036,0.48287887415191444,0.38426733042919037,0.5008281339186482,0.9109875725961456,0.5615115112923047,0.5041234659077881,0.5270147774182944,0.4158069346297648,0.6694940493321037,0.6131606528308318,0.544101392988875,0.5262977114027999,0.5947184901568612,0.790374603840517,0.5636596635044644,0.44903445502476314,0.6761407212971061,0.5236710179302099,0.6252222975905705,0.4160775376065564,0.6580662023084423,0.540517751038792
10x_heart_11_parse_heart_13_Topic_5,0.7317372395030775,0.5452154510343796,0.256663666805097,0.5982920680787488,0.7395169506808481,0.4976315549022704,0.5633731933158045,0.5782472425197913,0.5449320907560355,0.5564425810223705,0.3260421722647777,0.5843952536521286,0.7539729001376264,0.7665735474223707,0.564212664791097,0.16769189005368035,0.6133353701161827,0.7380041807063841,0.5407742141794482,0.7753520756821501,1.0,0.38602338451659424,0.5611279052489432,0.5942769239187422,0.5816821580733348,0.4225669027090777,0.5263214831767862,0.6929347578695084,0.5180260314441092,0.51603713736577,0.4837492630010173,0.5450178501284257,0.6164894757537467,0.524233994936499,0.47794290168538645,0.6978075219553656,0.5338890756867781,0.6523878593268277,0.4501883384585481,0.697211105330424,0.46201645689549564,0.45389558173860867,0.508974203767837,0.5958712257664908,0.4959817648590328,0.44889047174449914,0.20949251284811665,0.592763724836568,0.48806140778136087,0.4977261994742488,0.4789543126435931,0.5896337369180363,0.7847905201280949,0.511228772167694,0.47644214716699407,0.47331924342494747,0.4135769627535202,0.7340464831517084,0.4329159279946069,0.5294193590173146,0.5138229534092097,0.40469884461234007,0.4882449746823945,0.7205046934905757,0.5462477201481359,0.5621592252708765,0.5888068319831281,0.3254545298203593,0.642068442773898,0.5865367663623435,0.523427638477139,0.5566666822253463,0.5159685858544703,0.8927445429577681,0.5656696478133121,0.4096076154801378,0.5706981207317383,0.6182303949789094,0.6426714441853462,0.5375140250866709,0.6012521478646794,0.5242167881755015
10x_heart_11_parse_heart_13_Topic_6,0.3414067045364013,0.2704337326465047,0.17031573401330724,0.399797069971495,0.393718568679426,0.24532278698448506,0.4061382734046586,0.7169286241541437,0.3837643572012558,0.3989256209442913,0.2125306172538285,0.40118455779803,0.5077772855609797,0.38251504739775555,0.4599948429070926,0.12391833114984285,0.4011399512543692,0.4066999288312718,0.4026186346978665,0.467870024886033,0.38602338451659424,1.0,0.40784953575860905,0.4129008615273102,0.37722273190551925,0.23473519655788921,0.2710544383377781,0.46380955615232566,0.2647393796695128,0.3702752698647995,0.2838346854815861,0.4192431038352098,0.8271982079168837,0.2866231736489394,0.3282201190539975,0.6169750636509125,0.39336683398520345,0.41518138733436194,0.31288899707683004,0.45748986124471136,0.2988266935184789,0.3559419602474396,0.3549721799940557,0.4153924605495444,0.37035582804858114,0.2763412431038875,0.11059327497102289,0.3959578885620647,0.327562727964545,0.27339805438758236,0.3310134409058605,0.4238201947500744,0.38402710068904344,0.3724165814663354,0.3611125969136695,0.3180117260676565,0.2827532887813795,0.4807114776493724,0.2994127195312182,0.3358871612026343,0.4429207617348594,0.275863443653642,0.37226546512361214,0.4563130742388537,0.37370660690081337,0.30768015779888347,0.36032224755467945,0.9322609456701688,0.3856394292216665,0.4284077285329859,0.3703044033608667,0.391280571444221,0.37300383059121134,0.41677112708973263,0.3788969908984887,0.2903426963408229,0.40762094508560454,0.38047855481640935,0.41340826200955294,0.32150367713706696,0.40690942630873583,0.3626039693457035
